lastAccountName: Carry
timestamps:
  login: 1440672824649
  logout: 1440674053523
ipAddress: 192.168.1.103
lastlocation:
  world: world
  x: -129.3208767918699
  y: 72.0
  z: 183.69999998807907
  yaw: 246.75006
  pitch: 17.400015
logoutlocation:
  world: world
  x: -124.60622794085856
  y: 60.23360008239743
  z: 238.57499998807907
  yaw: 5.1001835
  pitch: 11.7
