lastAccountName: trumpet
timestamps:
  login: 1440500709145
  logout: 1440504128033
  lastteleport: 1440503251820
ipAddress: 192.168.1.115
lastlocation:
  world: world
  x: -156.62318101370502
  y: 64.0
  z: 232.8305621802672
  yaw: -23.701231
  pitch: 5.3999796
logoutlocation:
  world: world
  x: -126.39455108557841
  y: 67.0
  z: 234.53385158936075
  yaw: -16.20459
  pitch: 6.599989
