lastAccountName: lrunze
timestamps:
  login: 1440588889372
  logout: 1440589351718
ipAddress: 192.168.1.118
lastlocation:
  world: world
  x: -131.41132511919199
  y: 66.0
  z: 239.44543760779942
  yaw: 2.5490723
  pitch: 8.999975
logoutlocation:
  world: world
  x: -120.99961914088306
  y: 67.0
  z: 234.72421395752795
  yaw: 139.50635
  pitch: 14.849969
